0.00	0.00
0.05	0.00
0.10	0.00
0.15	0.00
0.20	0.00
0.25	0.00
0.30	0.00
0.35	0.00
0.40	0.00
0.45	0.00
0.50	0.00
0.55	0.00
0.60	0.00
0.65	0.00
0.70	0.00
0.75	0.00
0.80	0.00
0.85	0.00
0.90	0.00
0.95	0.00
1.00	0.00
1.05	0.00
1.10	0.00
1.15	0.00
1.20	0.00
1.25	0.00
1.30	0.00
1.35	0.00
1.40	0.00
1.45	0.00
1.50	0.00
1.55	0.00
1.60	0.00
1.65	0.00
1.70	0.00
1.75	0.00
1.80	1.00
1.85	1.00
1.90	1.00
1.95	1.00
2.00	1.00
2.05	1.00
2.10	0.00
2.15	0.00
2.20	1.00
2.25	1.00
2.30	0.00
2.35	1.00
2.40	1.00
2.45	0.00
2.50	1.00
2.55	1.00
2.60	1.00
2.65	1.00
2.70	1.00
2.75	0.00
2.80	0.00
2.85	1.00
2.90	1.00
2.95	1.00
3.00	1.00
3.05	1.00
3.10	0.00
3.15	0.00
3.20	1.00
3.25	1.00
3.30	1.00
3.35	0.00
3.40	0.00
3.45	0.00
3.50	0.00
3.55	0.00
3.60	0.00
3.65	0.00
3.70	0.00
3.75	0.00
3.80	0.00
3.85	0.00
3.90	0.00
3.95	0.00
4.00	0.00
4.05	0.00
4.10	0.00
4.15	0.00
4.20	0.00
4.25	0.00
4.30	0.00
4.35	1.00
4.40	1.00
4.45	1.00
4.50	1.00
4.55	0.00
4.60	0.00
4.65	1.00
4.70	1.00
4.75	1.00
4.80	1.00
4.85	1.00
4.90	0.00
4.95	0.00
5.00	1.00
5.05	1.00
5.10	1.00
5.15	1.00
5.20	1.00
5.25	0.00
5.30	0.00
5.35	0.00
5.40	0.00
5.45	0.00
5.50	0.00
5.55	0.00
5.60	0.00
5.65	0.00
5.70	0.00
5.75	0.00
5.80	0.00
5.85	0.00
5.90	1.00
5.95	1.00
6.00	1.00
6.05	1.00
6.10	0.00
6.15	0.00
6.20	1.00
6.25	1.00
6.30	0.00
6.35	0.00
6.40	0.00
6.45	0.00
6.50	1.00
6.55	1.00
6.60	0.00
6.65	0.00
6.70	1.00
6.75	1.00
6.80	0.00
6.85	0.00
6.90	0.00
6.95	0.00
7.00	0.00
7.05	0.00
7.10	0.00
7.15	0.00
7.20	0.00
7.25	0.00
7.30	0.00
7.35	0.00
7.40	1.00
7.45	1.00
7.50	0.00
7.55	0.00
7.60	1.00
7.65	1.00
7.70	1.00
7.75	1.00
7.80	0.00
7.85	0.00
7.90	1.00
7.95	1.00
8.00	1.00
8.05	0.00
8.10	0.00
8.15	0.00
8.20	0.00
8.25	0.00
8.30	0.00
8.35	0.00
8.40	0.00
8.45	0.00
8.50	0.00
8.55	0.00
8.60	0.00
8.65	0.00
8.70	0.00
8.75	0.00
8.80	0.00
8.85	0.00
8.90	0.00
8.95	0.00
9.00	0.00
9.05	0.00
9.10	0.00
9.15	0.00
9.20	0.00
9.25	0.00
9.30	0.00
9.35	0.00
9.40	0.00
9.45	1.00
9.50	0.00
9.55	0.00
9.60	0.00
9.65	1.00
9.70	1.00
9.75	1.00
9.80	1.00
9.85	0.00
9.90	1.00
9.95	1.00
10.00	1.00
10.05	1.00
10.10	1.00
10.15	1.00
10.20	0.00
10.25	1.00
10.30	1.00
10.35	1.00
10.40	1.00
10.45	1.00
10.50	1.00
10.55	1.00
10.60	1.00
10.65	1.00
10.70	0.00
10.75	1.00
10.80	1.00
10.85	1.00
10.90	1.00
10.95	0.00
11.00	0.00
11.05	1.00
11.10	1.00
11.15	1.00
11.20	0.00
11.25	1.00
11.30	1.00
11.35	1.00
11.40	0.00
11.45	0.00
11.50	1.00
11.55	1.00
11.60	1.00
11.65	1.00
11.70	1.00
11.75	1.00
11.80	1.00
11.85	1.00
11.90	1.00
11.95	1.00
12.00	1.00
12.05	1.00
12.10	1.00
12.15	0.00
12.20	1.00
12.25	1.00
12.30	1.00
12.35	1.00
12.40	1.00
12.45	0.00
12.50	0.00
12.55	0.00
12.60	0.00
12.65	0.00
12.70	0.00
12.75	0.00
12.80	0.00
12.85	1.00
12.90	1.00
12.95	1.00
13.00	1.00
13.05	1.00
13.10	1.00
13.15	1.00
13.20	0.00
13.25	1.00
13.30	1.00
13.35	0.00
13.40	0.00
13.45	0.00
13.50	0.00
13.55	1.00
13.60	1.00
13.65	1.00
13.70	1.00
13.75	1.00
13.80	0.00
13.85	0.00
13.90	0.00
13.95	0.00
14.00	0.00
14.05	0.00
14.10	0.00
14.15	0.00
14.20	0.00
14.25	0.00
14.30	0.00
14.35	0.00
14.40	0.00
14.45	0.00
14.50	0.00
14.55	0.00
14.60	0.00
14.65	0.00
14.70	0.00
14.75	0.00
14.80	0.00
14.85	0.00
14.90	0.00
14.95	0.00
15.00	0.00
15.05	0.00
15.10	0.00
15.15	0.00
15.20	0.00
15.25	0.00
15.30	0.00
15.35	0.00
15.40	0.00
15.45	0.00
15.50	0.00
15.55	0.00
15.60	0.00
15.65	0.00
15.70	0.00
15.75	0.00
15.80	0.00
15.85	0.00
15.90	0.00
15.95	0.00
16.00	1.00
16.05	1.00
16.10	1.00
16.15	1.00
16.20	1.00
16.25	1.00
16.30	0.00
16.35	0.00
16.40	1.00
16.45	1.00
16.50	1.00
16.55	1.00
16.60	1.00
16.65	1.00
16.70	1.00
16.75	0.00
16.80	0.00
16.85	0.00
16.90	0.00
16.95	0.00
17.00	1.00
17.05	1.00
17.10	1.00
17.15	0.00
17.20	1.00
17.25	1.00
17.30	1.00
17.35	0.00
17.40	0.00
17.45	0.00
17.50	1.00
17.55	1.00
17.60	1.00
17.65	1.00
17.70	1.00
17.75	1.00
17.80	1.00
17.85	1.00
17.90	1.00
17.95	1.00
18.00	0.00
18.05	0.00
18.10	0.00
18.15	0.00
18.20	0.00
18.25	0.00
18.30	1.00
18.35	0.00
18.40	0.00
18.45	1.00
18.50	1.00
18.55	1.00
18.60	1.00
18.65	1.00
18.70	1.00
18.75	1.00
18.80	0.00
18.85	0.00
18.90	0.00
18.95	0.00
19.00	0.00
19.05	0.00
19.10	0.00
19.15	0.00
19.20	0.00
19.25	0.00
19.30	0.00
19.35	0.00
19.40	0.00
19.45	0.00
19.50	0.00
19.55	0.00
19.60	0.00
19.65	0.00
19.70	0.00
19.75	0.00
19.80	0.00
19.85	0.00
19.90	0.00
19.95	0.00
20.00	1.00
20.05	1.00
20.10	1.00
20.15	1.00
20.20	1.00
20.25	1.00
20.30	1.00
20.35	1.00
20.40	1.00
20.45	0.00
20.50	0.00
20.55	0.00
20.60	0.00
20.65	0.00
20.70	0.00
20.75	0.00
20.80	0.00
20.85	0.00
20.90	0.00
20.95	0.00
21.00	0.00
21.05	0.00
21.10	0.00
21.15	0.00
21.20	0.00
21.25	0.00
21.30	1.00
21.35	1.00
21.40	1.00
21.45	1.00
21.50	1.00
21.55	0.00
21.60	0.00
21.65	0.00
21.70	1.00
21.75	1.00
21.80	0.00
21.85	0.00
21.90	1.00
21.95	1.00
22.00	1.00
22.05	1.00
22.10	1.00
22.15	1.00
22.20	1.00
22.25	1.00
22.30	1.00
22.35	1.00
22.40	1.00
22.45	1.00
22.50	0.00
22.55	1.00
22.60	1.00
22.65	1.00
22.70	1.00
22.75	1.00
22.80	1.00
22.85	1.00
22.90	1.00
22.95	1.00
23.00	1.00
23.05	0.00
23.10	0.00
23.15	0.00
23.20	0.00
23.25	0.00
23.30	0.00
23.35	0.00
23.40	0.00
23.45	0.00
23.50	0.00
23.55	0.00
23.60	0.00
23.65	0.00
23.70	0.00
23.75	0.00
23.80	0.00
23.85	0.00
23.90	0.00
23.95	0.00
24.00	0.00
24.05	0.00
24.10	0.00
24.15	0.00
24.20	0.00
24.25	0.00
24.30	0.00
24.35	0.00
24.40	0.00
24.45	0.00
24.50	0.00
24.55	0.00
24.60	0.00
24.65	0.00
24.70	0.00
24.75	0.00
24.80	0.00
24.85	0.00
24.90	0.00
24.95	0.00
25.00	0.00
25.05	0.00
25.10	0.00
25.15	0.00
25.20	0.00
25.25	0.00
25.30	1.00
25.35	1.00
25.40	1.00
25.45	1.00
25.50	1.00
25.55	1.00
25.60	1.00
25.65	1.00
25.70	1.00
25.75	0.00
25.80	0.00
25.85	1.00
25.90	1.00
25.95	1.00
26.00	0.00
26.05	0.00
26.10	1.00
26.15	1.00
26.20	1.00
26.25	1.00
26.30	1.00
26.35	0.00
26.40	0.00
26.45	0.00
26.50	0.00
26.55	0.00
26.60	0.00
26.65	0.00
26.70	0.00
26.75	0.00
26.80	0.00
26.85	0.00
26.90	0.00
26.95	0.00
27.00	0.00
27.05	0.00
27.10	0.00
27.15	0.00
27.20	0.00
27.25	0.00
27.30	0.00
27.35	0.00
27.40	0.00
27.45	0.00
27.50	0.00
27.55	0.00
27.60	0.00
27.65	0.00
27.70	0.00
27.75	0.00
27.80	1.00
27.85	1.00
27.90	1.00
27.95	1.00
28.00	1.00
28.05	1.00
28.10	1.00
28.15	1.00
28.20	0.00
28.25	0.00
28.30	1.00
28.35	1.00
28.40	0.00
28.45	0.00
28.50	1.00
28.55	1.00
28.60	1.00
28.65	1.00
28.70	1.00
28.75	0.00
28.80	1.00
28.85	1.00
28.90	1.00
28.95	0.00
29.00	1.00
29.05	0.00
29.10	1.00
29.15	1.00
29.20	1.00
29.25	0.00
29.30	1.00
29.35	1.00
29.40	1.00
29.45	1.00
29.50	1.00
29.55	0.00
29.60	0.00
29.65	0.00
29.70	0.00
29.75	0.00
29.80	0.00
29.85	0.00
29.90	0.00
29.95	0.00
30.00	0.00
30.05	0.00
30.10	0.00
30.15	0.00
30.20	0.00
30.25	0.00
30.30	0.00
30.35	0.00
30.40	0.00
30.45	1.00
30.50	1.00
30.55	1.00
30.60	1.00
30.65	1.00
30.70	1.00
30.75	1.00
30.80	1.00
30.85	1.00
30.90	0.00
30.95	1.00
31.00	1.00
31.05	1.00
31.10	1.00
31.15	0.00
31.20	0.00
31.25	1.00
31.30	1.00
31.35	0.00
31.40	1.00
31.45	1.00
31.50	1.00
31.55	1.00
31.60	1.00
31.65	1.00
31.70	0.00
31.75	0.00
31.80	0.00
31.85	0.00
31.90	0.00
31.95	0.00
32.00	0.00
32.05	0.00
32.10	0.00
32.15	0.00
32.20	0.00
32.25	0.00
32.30	0.00
32.35	0.00
32.40	0.00
32.45	0.00
32.50	0.00
32.55	0.00
32.60	0.00
32.65	0.00
32.70	0.00
32.75	0.00
32.80	0.00
32.85	0.00
32.90	0.00
32.95	0.00
33.00	0.00
33.05	0.00
33.10	0.00
33.15	0.00
33.20	0.00
33.25	0.00
33.30	0.00
33.35	0.00
33.40	0.00
33.45	0.00
33.50	0.00
33.55	0.00
33.60	0.00
33.65	0.00
33.70	0.00
33.75	0.00
33.80	0.00
33.85	0.00
33.90	0.00
33.95	0.00
34.00	0.00
34.05	0.00
34.10	0.00
34.15	0.00
34.20	0.00
34.25	0.00
34.30	0.00
34.35	0.00
34.40	0.00
34.45	0.00
34.50	0.00
34.55	0.00
34.60	0.00
34.65	0.00
34.70	0.00
34.75	0.00
34.80	0.00
34.85	0.00
34.90	0.00
34.95	0.00
35.00	0.00
35.05	0.00
35.10	0.00
35.15	0.00
35.20	0.00
35.25	0.00
35.30	0.00
35.35	0.00
35.40	0.00
35.45	0.00
35.50	0.00
35.55	0.00
35.60	0.00
35.65	1.00
35.70	1.00
35.75	0.00
35.80	1.00
35.85	1.00
35.90	1.00
35.95	1.00
36.00	1.00
36.05	0.00
36.10	1.00
36.15	1.00
36.20	1.00
36.25	1.00
36.30	1.00
36.35	1.00
36.40	0.00
36.45	0.00
36.50	1.00
36.55	1.00
36.60	1.00
36.65	1.00
36.70	0.00
36.75	0.00
36.80	1.00
36.85	1.00
36.90	1.00
36.95	1.00
37.00	1.00
37.05	1.00
37.10	1.00
37.15	1.00
37.20	0.00
37.25	1.00
37.30	1.00
37.35	1.00
37.40	1.00
37.45	0.00
37.50	0.00
37.55	0.00
37.60	1.00
37.65	1.00
37.70	0.00
37.75	0.00
37.80	0.00
37.85	1.00
37.90	1.00
37.95	1.00
38.00	0.00
38.05	0.00
38.10	0.00
38.15	1.00
38.20	1.00
38.25	1.00
38.30	1.00
38.35	0.00
38.40	0.00
38.45	0.00
38.50	0.00
38.55	1.00
38.60	1.00
38.65	1.00
38.70	1.00
38.75	0.00
38.80	0.00
38.85	0.00
38.90	0.00
38.95	0.00
39.00	0.00
39.05	0.00
39.10	0.00
39.15	0.00
39.20	0.00
39.25	0.00
39.30	0.00
39.35	0.00
39.40	0.00
39.45	0.00
39.50	0.00
39.55	0.00
39.60	0.00
39.65	0.00
39.70	0.00
39.75	0.00
39.80	0.00
39.85	0.00
39.90	0.00
39.95	0.00
40.00	0.00
40.05	0.00
40.10	0.00
40.15	0.00
40.20	0.00
40.25	0.00
40.30	0.00
40.35	0.00
40.40	0.00
40.45	0.00
40.50	0.00
40.55	0.00
40.60	1.00
40.65	1.00
40.70	1.00
40.75	1.00
40.80	0.00
40.85	1.00
40.90	1.00
40.95	1.00
41.00	1.00
41.05	0.00
41.10	0.00
41.15	0.00
41.20	0.00
41.25	0.00
41.30	1.00
41.35	1.00
41.40	1.00
41.45	0.00
41.50	0.00
41.55	0.00
41.60	0.00
41.65	0.00
41.70	0.00
41.75	0.00
41.80	0.00
41.85	0.00
41.90	0.00
41.95	0.00
42.00	1.00
42.05	0.00
42.10	0.00
42.15	0.00
42.20	0.00
42.25	1.00
42.30	1.00
42.35	1.00
42.40	0.00
42.45	0.00
42.50	0.00
42.55	1.00
42.60	1.00
42.65	1.00
42.70	1.00
42.75	1.00
42.80	1.00
42.85	1.00
42.90	1.00
42.95	1.00
43.00	1.00
43.05	1.00
43.10	1.00
43.15	1.00
43.20	1.00
43.25	1.00
43.30	1.00
43.35	1.00
43.40	0.00
43.45	0.00
43.50	1.00
43.55	1.00
43.60	1.00
43.65	1.00
43.70	1.00
43.75	1.00
43.80	1.00
43.85	1.00
43.90	1.00
43.95	1.00
44.00	1.00
44.05	1.00
44.10	1.00
44.15	1.00
44.20	1.00
44.25	1.00
44.30	1.00
44.35	1.00
44.40	1.00
44.45	1.00
44.50	1.00
44.55	1.00
44.60	1.00
44.65	1.00
44.70	1.00
44.75	1.00
44.80	1.00
44.85	1.00
44.90	1.00
44.95	1.00
45.00	1.00
45.05	1.00
45.10	1.00
45.15	1.00
45.20	1.00
45.25	1.00
45.30	1.00
45.35	1.00
45.40	1.00
45.45	1.00
45.50	1.00
45.55	1.00
45.60	0.00
45.65	0.00
45.70	0.00
45.75	0.00
45.80	0.00
45.85	1.00
45.90	1.00
45.95	0.00
46.00	0.00
46.05	0.00
46.10	0.00
46.15	0.00
46.20	0.00
46.25	0.00
46.30	0.00
46.35	0.00
46.40	0.00
46.45	1.00
46.50	1.00
46.55	1.00
46.60	1.00
46.65	1.00
46.70	0.00
46.75	0.00
46.80	0.00
46.85	0.00
46.90	1.00
46.95	1.00
47.00	1.00
47.05	0.00
47.10	0.00
47.15	0.00
47.20	0.00
47.25	1.00
47.30	1.00
47.35	1.00
47.40	1.00
47.45	1.00
47.50	1.00
47.55	1.00
47.60	0.00
47.65	0.00
47.70	0.00
47.75	1.00
47.80	1.00
47.85	1.00
47.90	0.00
47.95	0.00
48.00	0.00
48.05	0.00
48.10	0.00
48.15	0.00
48.20	0.00
48.25	0.00
48.30	0.00
48.35	0.00
48.40	0.00
48.45	0.00
48.50	0.00
48.55	0.00
48.60	0.00
48.65	0.00
48.70	0.00
48.75	0.00
48.80	0.00
48.85	0.00
48.90	0.00
48.95	0.00
49.00	0.00
49.05	0.00
49.10	0.00
49.15	0.00
49.20	0.00
49.25	0.00
49.30	0.00
49.35	0.00
49.40	0.00
49.45	1.00
49.50	1.00
49.55	1.00
49.60	1.00
49.65	1.00
49.70	1.00
49.75	1.00
49.80	1.00
49.85	1.00
49.90	1.00
49.95	1.00
50.00	1.00
50.05	1.00
50.10	1.00
50.15	1.00
50.20	1.00
50.25	1.00
50.30	1.00
50.35	1.00
50.40	1.00
50.45	1.00
50.50	1.00
50.55	1.00
50.60	1.00
50.65	1.00
50.70	1.00
50.75	1.00
50.80	1.00
50.85	1.00
50.90	1.00
50.95	1.00
51.00	1.00
51.05	1.00
51.10	1.00
51.15	1.00
51.20	0.00
51.25	0.00
51.30	0.00
51.35	0.00
51.40	0.00
51.45	0.00
51.50	0.00
51.55	0.00
51.60	0.00
51.65	0.00
51.70	0.00
51.75	0.00
51.80	0.00
51.85	0.00
51.90	0.00
51.95	1.00
52.00	1.00
52.05	1.00
52.10	1.00
52.15	1.00
52.20	1.00
52.25	1.00
52.30	1.00
52.35	1.00
52.40	1.00
52.45	1.00
52.50	1.00
52.55	1.00
52.60	1.00
52.65	1.00
52.70	1.00
52.75	1.00
52.80	1.00
52.85	1.00
52.90	1.00
52.95	0.00
53.00	0.00
53.05	1.00
53.10	1.00
53.15	1.00
53.20	1.00
53.25	1.00
53.30	1.00
53.35	1.00
53.40	1.00
53.45	1.00
53.50	1.00
53.55	1.00
53.60	1.00
53.65	1.00
53.70	0.00
53.75	0.00
53.80	0.00
53.85	0.00
53.90	1.00
53.95	1.00
54.00	1.00
54.05	1.00
54.10	1.00
54.15	1.00
54.20	1.00
54.25	1.00
54.30	1.00
54.35	1.00
54.40	1.00
54.45	1.00
54.50	1.00
54.55	1.00
54.60	0.00
54.65	0.00
54.70	1.00
54.75	1.00
54.80	1.00
54.85	1.00
54.90	1.00
54.95	1.00
55.00	0.00
55.05	1.00
55.10	1.00
55.15	1.00
55.20	1.00
55.25	0.00
55.30	1.00
55.35	1.00
55.40	1.00
55.45	1.00
55.50	0.00
55.55	0.00
55.60	0.00
55.65	1.00
55.70	1.00
55.75	1.00
55.80	1.00
55.85	1.00
55.90	1.00
55.95	1.00
56.00	1.00
56.05	1.00
56.10	0.00
56.15	0.00
56.20	1.00
56.25	1.00
56.30	1.00
56.35	1.00
56.40	1.00
56.45	1.00
56.50	1.00
56.55	0.00
56.60	0.00
56.65	1.00
56.70	1.00
56.75	1.00
56.80	1.00
56.85	1.00
56.90	0.00
56.95	1.00
57.00	1.00
57.05	0.00
57.10	0.00
57.15	1.00
57.20	0.00
57.25	0.00
57.30	0.00
57.35	1.00
57.40	1.00
57.45	1.00
57.50	1.00
57.55	1.00
57.60	1.00
57.65	1.00
57.70	1.00
57.75	1.00
57.80	0.00
57.85	0.00
57.90	0.00
57.95	1.00
58.00	1.00
58.05	1.00
58.10	0.00
58.15	0.00
58.20	1.00
58.25	1.00
58.30	1.00
58.35	1.00
58.40	1.00
58.45	0.00
58.50	0.00
58.55	1.00
58.60	1.00
58.65	1.00
58.70	1.00
58.75	1.00
58.80	1.00
58.85	1.00
58.90	0.00
58.95	0.00
59.00	1.00
59.05	1.00
59.10	1.00
59.15	1.00
59.20	0.00
59.25	1.00
59.30	1.00
59.35	1.00
59.40	0.00
59.45	0.00
59.50	0.00
59.55	0.00
59.60	1.00
59.65	1.00
59.70	1.00
59.75	1.00
59.80	1.00
59.85	1.00
59.90	1.00
59.95	1.00
60.00	0.00
60.05	0.00
60.10	0.00
60.15	1.00
60.20	1.00
60.25	0.00
60.30	0.00
60.35	0.00
60.40	0.00
60.45	0.00
60.50	1.00
60.55	1.00
60.60	0.00
60.65	0.00
60.70	0.00
60.75	1.00
60.80	1.00
60.85	1.00
60.90	1.00
60.95	1.00
61.00	1.00
61.05	1.00
61.10	1.00
61.15	1.00
61.20	1.00
61.25	1.00
61.30	1.00
61.35	0.00
61.40	0.00
61.45	0.00
61.50	0.00
61.55	0.00
61.60	0.00
61.65	0.00
61.70	1.00
61.75	1.00
61.80	1.00
61.85	0.00
61.90	0.00
61.95	1.00
62.00	1.00
62.05	1.00
62.10	0.00
62.15	0.00
62.20	0.00
62.25	0.00
62.30	0.00
62.35	0.00
62.40	0.00
62.45	0.00
62.50	0.00
62.55	0.00
62.60	0.00
62.65	0.00
62.70	0.00
62.75	0.00
62.80	0.00
62.85	0.00
62.90	0.00
62.95	0.00
63.00	0.00
63.05	0.00
63.10	0.00
63.15	0.00
63.20	0.00
63.25	0.00
63.30	0.00
63.35	0.00
63.40	0.00
63.45	0.00
63.50	1.00
63.55	1.00
63.60	1.00
63.65	1.00
63.70	1.00
63.75	1.00
63.80	1.00
63.85	1.00
63.90	1.00
63.95	1.00
64.00	1.00
64.05	1.00
64.10	1.00
64.15	1.00
64.20	1.00
64.25	1.00
64.30	1.00
64.35	1.00
64.40	1.00
64.45	0.00
64.50	0.00
64.55	0.00
64.60	0.00
64.65	0.00
64.70	0.00
64.75	0.00
64.80	0.00
64.85	0.00
64.90	0.00
64.95	0.00
65.00	0.00
65.05	0.00
65.10	0.00
65.15	0.00
65.20	0.00
65.25	0.00
65.30	0.00
65.35	0.00
65.40	0.00
65.45	0.00
65.50	0.00
65.55	0.00
65.60	0.00
65.65	0.00
65.70	0.00
65.75	0.00
65.80	0.00
65.85	0.00
65.90	0.00
65.95	0.00
66.00	0.00
66.05	0.00
66.10	0.00
66.15	0.00
66.20	0.00
66.25	0.00
66.30	0.00
66.35	0.00
66.40	0.00
66.45	0.00
66.50	0.00
66.55	0.00
66.60	0.00
66.65	0.00
66.70	0.00
66.75	0.00
66.80	1.00
66.85	1.00
66.90	1.00
66.95	1.00
67.00	1.00
67.05	1.00
67.10	1.00
67.15	1.00
67.20	1.00
67.25	1.00
67.30	0.00
67.35	0.00
67.40	0.00
67.45	1.00
67.50	1.00
67.55	1.00
67.60	1.00
67.65	1.00
67.70	1.00
67.75	0.00
67.80	0.00
67.85	1.00
67.90	1.00
67.95	1.00
68.00	1.00
68.05	0.00
68.10	0.00
68.15	0.00
68.20	0.00
68.25	0.00
68.30	0.00
68.35	0.00
68.40	0.00
68.45	0.00
68.50	0.00
68.55	0.00
68.60	0.00
68.65	0.00
68.70	0.00
68.75	0.00
68.80	0.00
68.85	0.00
68.90	0.00
68.95	0.00
69.00	0.00
69.05	0.00
69.10	1.00
69.15	1.00
69.20	1.00
69.25	1.00
69.30	1.00
69.35	1.00
69.40	0.00
69.45	1.00
69.50	1.00
69.55	0.00
69.60	0.00
69.65	1.00
69.70	1.00
69.75	1.00
69.80	1.00
69.85	1.00
69.90	0.00
69.95	0.00
70.00	0.00
70.05	0.00
70.10	0.00
70.15	1.00
70.20	1.00
70.25	1.00
70.30	1.00
70.35	1.00
70.40	1.00
70.45	1.00
70.50	1.00
70.55	0.00
70.60	0.00
70.65	1.00
70.70	1.00
70.75	1.00
70.80	1.00
70.85	0.00
70.90	0.00
70.95	1.00
71.00	0.00
71.05	0.00
71.10	1.00
71.15	0.00
71.20	0.00
71.25	1.00
71.30	1.00
71.35	1.00
71.40	1.00
71.45	1.00
71.50	1.00
71.55	1.00
71.60	1.00
71.65	1.00
71.70	0.00
71.75	0.00
71.80	0.00
71.85	1.00
71.90	1.00
71.95	1.00
72.00	0.00
72.05	0.00
72.10	1.00
72.15	1.00
72.20	0.00
72.25	0.00
72.30	0.00
72.35	1.00
72.40	1.00
72.45	1.00
72.50	0.00
72.55	0.00
72.60	1.00
72.65	1.00
72.70	1.00
72.75	1.00
72.80	1.00
72.85	1.00
72.90	1.00
72.95	1.00
73.00	0.00
73.05	0.00
73.10	0.00
73.15	1.00
73.20	1.00
73.25	1.00
73.30	1.00
73.35	1.00
73.40	1.00
73.45	1.00
73.50	1.00
73.55	1.00
73.60	1.00
73.65	1.00
73.70	1.00
73.75	1.00
73.80	1.00
73.85	1.00
73.90	1.00
73.95	1.00
74.00	1.00
74.05	1.00
74.10	1.00
74.15	1.00
74.20	1.00
74.25	1.00
74.30	1.00
74.35	1.00
74.40	1.00
74.45	1.00
74.50	1.00
74.55	1.00
74.60	1.00
74.65	1.00
74.70	1.00
74.75	1.00
74.80	1.00
74.85	1.00
74.90	1.00
74.95	1.00
75.00	1.00
75.05	1.00
75.10	1.00
75.15	1.00
75.20	1.00
75.25	1.00
75.30	1.00
75.35	1.00
75.40	1.00
75.45	1.00
75.50	1.00
75.55	1.00
75.60	1.00
75.65	1.00
75.70	1.00
75.75	1.00
75.80	1.00
75.85	1.00
75.90	1.00
75.95	1.00
76.00	1.00
76.05	1.00
76.10	1.00
76.15	1.00
76.20	1.00
76.25	1.00
76.30	1.00
76.35	0.00
76.40	0.00
76.45	0.00
76.50	0.00
76.55	0.00
76.60	0.00
76.65	0.00
76.70	0.00
76.75	0.00
76.80	0.00
76.85	0.00
76.90	0.00
76.95	0.00
77.00	0.00
77.05	0.00
77.10	0.00
77.15	0.00
77.20	0.00
77.25	0.00
77.30	0.00
77.35	0.00
77.40	0.00
77.45	0.00
77.50	0.00
77.55	0.00
77.60	0.00
77.65	0.00
77.70	0.00
77.75	0.00
77.80	0.00
77.85	0.00
77.90	0.00
77.95	0.00
78.00	0.00
78.05	1.00
78.10	1.00
78.15	1.00
78.20	1.00
78.25	1.00
78.30	1.00
78.35	1.00
78.40	1.00
78.45	1.00
78.50	1.00
78.55	1.00
78.60	1.00
78.65	1.00
78.70	1.00
78.75	1.00
78.80	1.00
78.85	1.00
78.90	1.00
78.95	0.00
79.00	1.00
79.05	1.00
79.10	1.00
79.15	0.00
79.20	1.00
79.25	1.00
79.30	1.00
79.35	1.00
79.40	1.00
79.45	1.00
79.50	1.00
79.55	1.00
79.60	0.00
79.65	1.00
79.70	1.00
79.75	1.00
79.80	0.00
79.85	1.00
79.90	1.00
79.95	1.00
80.00	1.00
80.05	0.00
80.10	1.00
80.15	1.00
80.20	1.00
80.25	1.00
80.30	1.00
80.35	1.00
80.40	1.00
80.45	1.00
80.50	1.00
80.55	1.00
80.60	0.00
80.65	0.00
80.70	0.00
80.75	0.00
80.80	0.00
80.85	0.00
80.90	0.00
80.95	1.00
81.00	1.00
81.05	1.00
81.10	1.00
81.15	0.00
81.20	0.00
81.25	1.00
81.30	1.00
81.35	1.00
81.40	1.00
81.45	1.00
81.50	0.00
81.55	1.00
81.60	1.00
81.65	1.00
81.70	1.00
81.75	0.00
81.80	1.00
81.85	1.00
81.90	1.00
81.95	1.00
82.00	1.00
82.05	1.00
82.10	1.00
82.15	1.00
82.20	1.00
82.25	1.00
82.30	1.00
82.35	0.00
82.40	0.00
82.45	0.00
82.50	1.00
82.55	1.00
82.60	0.00
82.65	0.00
82.70	1.00
82.75	1.00
82.80	1.00
82.85	0.00
82.90	0.00
82.95	1.00
83.00	1.00
83.05	1.00
83.10	0.00
83.15	0.00
83.20	1.00
83.25	0.00
83.30	0.00
83.35	0.00
83.40	1.00
83.45	1.00
83.50	1.00
83.55	0.00
83.60	0.00
83.65	0.00
83.70	0.00
83.75	0.00
83.80	0.00
83.85	0.00
83.90	0.00
83.95	0.00
84.00	0.00
84.05	1.00
84.10	1.00
84.15	1.00
84.20	1.00
84.25	1.00
84.30	1.00
84.35	1.00
84.40	1.00
84.45	1.00
84.50	1.00
84.55	1.00
84.60	1.00
84.65	1.00
84.70	1.00
84.75	1.00
84.80	1.00
84.85	0.00
84.90	1.00
84.95	1.00
85.00	1.00
85.05	1.00
85.10	1.00
85.15	1.00
85.20	1.00
85.25	1.00
85.30	1.00
85.35	1.00
85.40	1.00
85.45	0.00
85.50	1.00
85.55	1.00
85.60	1.00
85.65	1.00
85.70	1.00
85.75	0.00
85.80	0.00
85.85	0.00
85.90	1.00
85.95	1.00
86.00	1.00
86.05	0.00
86.10	0.00
86.15	0.00
86.20	1.00
86.25	1.00
86.30	1.00
86.35	0.00
86.40	1.00
86.45	1.00
86.50	1.00
86.55	1.00
86.60	0.00
86.65	0.00
86.70	1.00
86.75	1.00
86.80	0.00
86.85	0.00
86.90	1.00
86.95	0.00
87.00	0.00
87.05	1.00
87.10	1.00
87.15	1.00
87.20	0.00
87.25	0.00
87.30	0.00
87.35	1.00
87.40	1.00
87.45	1.00
87.50	0.00
87.55	0.00
87.60	0.00
87.65	1.00
87.70	1.00
87.75	1.00
87.80	1.00
87.85	1.00
87.90	1.00
87.95	1.00
88.00	1.00
88.05	1.00
88.10	1.00
88.15	0.00
88.20	0.00
88.25	0.00
88.30	1.00
88.35	1.00
88.40	1.00
88.45	0.00
88.50	1.00
88.55	1.00
88.60	1.00
88.65	1.00
88.70	1.00
88.75	0.00
88.80	0.00
88.85	0.00
88.90	0.00
88.95	0.00
89.00	0.00
89.05	0.00
89.10	0.00
89.15	0.00
89.20	0.00
89.25	0.00
89.30	0.00
89.35	0.00
89.40	0.00
89.45	0.00
89.50	0.00
89.55	0.00
89.60	1.00
89.65	1.00
89.70	0.00
89.75	0.00
89.80	0.00
89.85	1.00
89.90	1.00
89.95	1.00
90.00	0.00
90.05	0.00
90.10	1.00
90.15	1.00
90.20	1.00
90.25	1.00
90.30	1.00
90.35	1.00
90.40	0.00
90.45	0.00
90.50	0.00
90.55	0.00
90.60	0.00
90.65	0.00
90.70	0.00
90.75	0.00
90.80	0.00
90.85	0.00
90.90	0.00
90.95	0.00
91.00	0.00
91.05	0.00
91.10	0.00
91.15	0.00
91.20	0.00
91.25	0.00
91.30	0.00
91.35	0.00
91.40	0.00
91.45	0.00
91.50	0.00
91.55	0.00
91.60	0.00
91.65	0.00
91.70	0.00
91.75	0.00
91.80	0.00
91.85	0.00
91.90	0.00
91.95	0.00
92.00	0.00
92.05	0.00
92.10	0.00
92.15	0.00
92.20	0.00
92.25	0.00
92.30	0.00
92.35	0.00
92.40	0.00
92.45	0.00
92.50	0.00
92.55	0.00
92.60	0.00
92.65	0.00
92.70	0.00
92.75	0.00
92.80	0.00
92.85	0.00
92.90	0.00
92.95	0.00
93.00	0.00
93.05	1.00
93.10	1.00
93.15	0.00
93.20	1.00
93.25	1.00
93.30	0.00
93.35	1.00
93.40	0.00
93.45	0.00
93.50	1.00
93.55	1.00
93.60	1.00
93.65	0.00
93.70	1.00
93.75	0.00
93.80	0.00
93.85	0.00
93.90	0.00
93.95	0.00
94.00	1.00
94.05	0.00
94.10	0.00
94.15	1.00
94.20	1.00
94.25	0.00
94.30	0.00
94.35	0.00
94.40	1.00
94.45	1.00
94.50	1.00
94.55	0.00
94.60	0.00
94.65	0.00
94.70	1.00
94.75	1.00
94.80	1.00
94.85	1.00
94.90	1.00
94.95	1.00
95.00	1.00
95.05	1.00
95.10	1.00
95.15	0.00
95.20	0.00
95.25	0.00
95.30	0.00
95.35	0.00
95.40	1.00
95.45	1.00
95.50	1.00
95.55	0.00
95.60	0.00
95.65	0.00
95.70	1.00
95.75	1.00
95.80	0.00
95.85	0.00
95.90	0.00
95.95	0.00
96.00	1.00
96.05	1.00
96.10	1.00
96.15	1.00
96.20	1.00
96.25	1.00
96.30	1.00
96.35	1.00
96.40	1.00
96.45	1.00
96.50	0.00
96.55	1.00
96.60	1.00
96.65	1.00
96.70	1.00
96.75	1.00
96.80	1.00
96.85	1.00
96.90	1.00
96.95	0.00
97.00	0.00
97.05	1.00
97.10	1.00
97.15	0.00
97.20	0.00
97.25	0.00
97.30	0.00
97.35	0.00
97.40	0.00
97.45	1.00
97.50	1.00
97.55	1.00
97.60	1.00
97.65	1.00
97.70	1.00
97.75	1.00
97.80	1.00
97.85	1.00
97.90	1.00
97.95	1.00
98.00	1.00
98.05	1.00
98.10	1.00
98.15	1.00
98.20	1.00
98.25	1.00
98.30	1.00
98.35	1.00
98.40	1.00
98.45	0.00
98.50	0.00
98.55	0.00
98.60	0.00
98.65	0.00
98.70	0.00
98.75	0.00
98.80	0.00
98.85	0.00
98.90	0.00
98.95	1.00
99.00	1.00
99.05	0.00
99.10	0.00
99.15	1.00
99.20	1.00
99.25	0.00
99.30	0.00
99.35	1.00
99.40	1.00
99.45	0.00
99.50	0.00
99.55	1.00
99.60	1.00
99.65	0.00
99.70	0.00
99.75	1.00
99.80	1.00
99.85	0.00
99.90	0.00
99.95	0.00
100.00	0.00
100.05	1.00
100.10	1.00
100.15	1.00
100.20	1.00
100.25	0.00
100.30	0.00
100.35	0.00
100.40	0.00
100.45	0.00
100.50	0.00
100.55	0.00
100.60	0.00
100.65	0.00
100.70	0.00
100.75	1.00
100.80	1.00
100.85	1.00
100.90	1.00
100.95	0.00
101.00	0.00
101.05	0.00
101.10	1.00
101.15	1.00
101.20	1.00
101.25	1.00
101.30	1.00
101.35	1.00
101.40	1.00
101.45	1.00
101.50	1.00
101.55	1.00
101.60	1.00
101.65	0.00
101.70	0.00
101.75	0.00
101.80	0.00
101.85	0.00
101.90	0.00
101.95	0.00
102.00	0.00
102.05	0.00
102.10	0.00
102.15	1.00
102.20	1.00
102.25	1.00
102.30	1.00
102.35	1.00
102.40	1.00
102.45	0.00
102.50	0.00
102.55	0.00
102.60	0.00
102.65	0.00
102.70	0.00
102.75	0.00
102.80	0.00
102.85	0.00
102.90	1.00
102.95	1.00
103.00	1.00
103.05	1.00
103.10	0.00
103.15	0.00
103.20	0.00
103.25	0.00
103.30	0.00
103.35	0.00
103.40	0.00
103.45	0.00
103.50	0.00
103.55	0.00
103.60	0.00
103.65	0.00
103.70	0.00
103.75	0.00
103.80	0.00
103.85	0.00
103.90	1.00
103.95	1.00
104.00	0.00
104.05	0.00
104.10	1.00
104.15	1.00
104.20	1.00
104.25	1.00
104.30	0.00
104.35	0.00
104.40	1.00
104.45	0.00
104.50	0.00
104.55	0.00
104.60	0.00
104.65	0.00
104.70	1.00
104.75	1.00
104.80	1.00
104.85	1.00
104.90	1.00
104.95	1.00
105.00	1.00
105.05	1.00
105.10	1.00
105.15	1.00
105.20	1.00
105.25	1.00
105.30	1.00
105.35	0.00
105.40	0.00
105.45	1.00
105.50	1.00
105.55	1.00
105.60	1.00
105.65	1.00
105.70	1.00
105.75	1.00
105.80	1.00
105.85	1.00
105.90	1.00
105.95	1.00
106.00	1.00
106.05	1.00
106.10	1.00
106.15	1.00
106.20	1.00
106.25	1.00
106.30	1.00
106.35	1.00
106.40	1.00
106.45	1.00
106.50	0.00
106.55	1.00
106.60	0.00
106.65	0.00
106.70	1.00
106.75	1.00
106.80	1.00
106.85	1.00
106.90	1.00
106.95	1.00
107.00	0.00
107.05	0.00
107.10	0.00
107.15	0.00
107.20	0.00
107.25	1.00
107.30	1.00
107.35	1.00
107.40	1.00
107.45	1.00
107.50	1.00
107.55	1.00
107.60	0.00
107.65	0.00
107.70	0.00
107.75	1.00
107.80	1.00
107.85	1.00
107.90	1.00
107.95	1.00
108.00	1.00
108.05	1.00
108.10	1.00
108.15	1.00
108.20	1.00
108.25	0.00
108.30	1.00
108.35	1.00
108.40	1.00
108.45	0.00
108.50	1.00
108.55	1.00
108.60	1.00
108.65	1.00
108.70	1.00
108.75	1.00
108.80	1.00
108.85	1.00
108.90	0.00
108.95	1.00
109.00	1.00
109.05	1.00
109.10	1.00
109.15	1.00
109.20	0.00
109.25	0.00
109.30	0.00
109.35	1.00
109.40	1.00
109.45	1.00
109.50	1.00
109.55	1.00
109.60	1.00
109.65	1.00
109.70	1.00
109.75	0.00
109.80	0.00
109.85	0.00
109.90	0.00
109.95	0.00
110.00	0.00
110.05	0.00
110.10	0.00
110.15	0.00
110.20	0.00
110.25	0.00
110.30	0.00
110.35	0.00
110.40	0.00
110.45	0.00
110.50	0.00
110.55	1.00
110.60	1.00
110.65	1.00
110.70	1.00
110.75	1.00
110.80	1.00
110.85	0.00
110.90	1.00
110.95	1.00
111.00	1.00
111.05	0.00
111.10	1.00
111.15	1.00
111.20	0.00
111.25	0.00
111.30	1.00
111.35	0.00
111.40	1.00
111.45	1.00
111.50	0.00
111.55	0.00
111.60	0.00
111.65	1.00
111.70	1.00
111.75	1.00
111.80	1.00
111.85	1.00
111.90	1.00
111.95	1.00
112.00	1.00
112.05	1.00
112.10	1.00
112.15	1.00
112.20	1.00
112.25	1.00
112.30	1.00
112.35	1.00
112.40	1.00
112.45	0.00
112.50	0.00
112.55	0.00
112.60	0.00
112.65	0.00
112.70	0.00
112.75	0.00
112.80	0.00
112.85	0.00
112.90	1.00
112.95	1.00
113.00	1.00
113.05	0.00
113.10	0.00
113.15	1.00
113.20	1.00
113.25	0.00
113.30	0.00
113.35	1.00
113.40	0.00
113.45	1.00
113.50	1.00
113.55	0.00
113.60	1.00
113.65	1.00
113.70	1.00
113.75	0.00
113.80	1.00
113.85	1.00
113.90	0.00
113.95	1.00
114.00	1.00
114.05	1.00
114.10	1.00
114.15	1.00
114.20	1.00
114.25	0.00
114.30	0.00
114.35	1.00
114.40	1.00
114.45	1.00
114.50	1.00
114.55	1.00
114.60	1.00
114.65	1.00
114.70	1.00
114.75	1.00
114.80	1.00
114.85	1.00
114.90	1.00
114.95	0.00
115.00	0.00
115.05	1.00
115.10	0.00
115.15	0.00
115.20	1.00
115.25	1.00
115.30	1.00
115.35	1.00
115.40	1.00
115.45	1.00
115.50	1.00
115.55	1.00
115.60	0.00
115.65	0.00
115.70	0.00
115.75	0.00
115.80	0.00
115.85	0.00
115.90	1.00
115.95	1.00
116.00	1.00
116.05	0.00
116.10	0.00
116.15	0.00
116.20	0.00
116.25	0.00
116.30	0.00
116.35	0.00
116.40	0.00
116.45	0.00
116.50	0.00
116.55	0.00
116.60	0.00
116.65	0.00
116.70	0.00
116.75	1.00
116.80	1.00
116.85	1.00
116.90	1.00
116.95	1.00
117.00	1.00
117.05	1.00
117.10	1.00
117.15	1.00
117.20	1.00
117.25	1.00
117.30	1.00
117.35	1.00
117.40	1.00
117.45	1.00
117.50	1.00
117.55	1.00
117.60	1.00
117.65	0.00
117.70	1.00
117.75	1.00
117.80	1.00
117.85	0.00
117.90	0.00
117.95	1.00
118.00	1.00
118.05	1.00
118.10	1.00
118.15	1.00
118.20	0.00
118.25	0.00
118.30	0.00
118.35	0.00
118.40	0.00
118.45	1.00
118.50	1.00
118.55	0.00
118.60	0.00
118.65	1.00
118.70	1.00
118.75	1.00
118.80	1.00
118.85	1.00
118.90	1.00
118.95	1.00
119.00	1.00
119.05	1.00
119.10	1.00
119.15	1.00
119.20	0.00
119.25	1.00
119.30	1.00
119.35	1.00
119.40	1.00
119.45	1.00
119.50	1.00
119.55	0.00
119.60	0.00
119.65	0.00
119.70	0.00
119.75	0.00
119.80	0.00
119.85	0.00
119.90	0.00
119.95	0.00
120.00	0.00
120.05	0.00
120.10	0.00
120.15	1.00
120.20	1.00
120.25	1.00
120.30	0.00
120.35	0.00
120.40	0.00
120.45	1.00
120.50	1.00
120.55	1.00
120.60	1.00
120.65	1.00
120.70	0.00
120.75	0.00
120.80	0.00
120.85	0.00
120.90	0.00
120.95	0.00
121.00	0.00
121.05	0.00
121.10	0.00
121.15	0.00
121.20	0.00
121.25	0.00
121.30	0.00
121.35	0.00
121.40	0.00
121.45	0.00
121.50	0.00
121.55	0.00
121.60	0.00
121.65	0.00
121.70	0.00
121.75	0.00
121.80	0.00
121.85	0.00
121.90	0.00
121.95	0.00
122.00	0.00
122.05	0.00
122.10	0.00
122.15	0.00
122.20	0.00
122.25	0.00
122.30	0.00
122.35	0.00
122.40	0.00
122.45	0.00
122.50	0.00
122.55	0.00
122.60	0.00
122.65	0.00
122.70	0.00
122.75	0.00
122.80	0.00
122.85	0.00
122.90	0.00
122.95	1.00
123.00	1.00
123.05	1.00
123.10	1.00
123.15	1.00
123.20	1.00
123.25	1.00
123.30	1.00
123.35	1.00
123.40	1.00
123.45	1.00
123.50	1.00
123.55	1.00
123.60	1.00
123.65	1.00
123.70	1.00
123.75	1.00
123.80	1.00
123.85	1.00
123.90	1.00
123.95	1.00
124.00	1.00
124.05	1.00
124.10	1.00
124.15	1.00
124.20	1.00
124.25	0.00
124.30	1.00
124.35	1.00
124.40	0.00
124.45	0.00
124.50	0.00
124.55	0.00
124.60	0.00
124.65	0.00
124.70	0.00
124.75	0.00
124.80	0.00
124.85	0.00
124.90	0.00
124.95	0.00
125.00	0.00
125.05	0.00
125.10	0.00
125.15	0.00
125.20	0.00
125.25	0.00
125.30	0.00
125.35	0.00
125.40	0.00
125.45	0.00
125.50	0.00
125.55	1.00
125.60	1.00
125.65	1.00
125.70	0.00
125.75	1.00
125.80	1.00
125.85	1.00
125.90	0.00
125.95	1.00
126.00	1.00
126.05	1.00
126.10	1.00
126.15	1.00
126.20	1.00
126.25	1.00
126.30	1.00
126.35	1.00
126.40	1.00
126.45	1.00
126.50	1.00
126.55	1.00
126.60	0.00
126.65	1.00
126.70	1.00
126.75	0.00
126.80	1.00
126.85	1.00
126.90	1.00
126.95	1.00
127.00	1.00
127.05	1.00
127.10	1.00
127.15	1.00
127.20	1.00
127.25	1.00
127.30	1.00
127.35	1.00
127.40	1.00
127.45	1.00
127.50	1.00
127.55	1.00
127.60	1.00
127.65	1.00
127.70	0.00
127.75	0.00
127.80	0.00
127.85	0.00
127.90	0.00
127.95	0.00
128.00	0.00
128.05	0.00
128.10	1.00
128.15	1.00
128.20	0.00
128.25	1.00
128.30	1.00
128.35	1.00
128.40	0.00
128.45	0.00
128.50	1.00
128.55	1.00
128.60	0.00
128.65	1.00
128.70	1.00
128.75	1.00
128.80	1.00
128.85	1.00
128.90	1.00
128.95	1.00
129.00	0.00
129.05	1.00
129.10	1.00
129.15	1.00
129.20	1.00
129.25	0.00
129.30	1.00
129.35	1.00
129.40	1.00
129.45	1.00
129.50	0.00
129.55	1.00
129.60	1.00
129.65	1.00
129.70	1.00
129.75	1.00
129.80	0.00
129.85	0.00
129.90	0.00
129.95	0.00
130.00	0.00
130.05	0.00
130.10	0.00
130.15	0.00
130.20	0.00
130.25	0.00
130.30	0.00
130.35	0.00
130.40	0.00
130.45	0.00
130.50	0.00
130.55	0.00
130.60	0.00
130.65	0.00
130.70	0.00
130.75	0.00
130.80	0.00
130.85	0.00
130.90	0.00
130.95	0.00
131.00	0.00
131.05	0.00
131.10	0.00
131.15	0.00
131.20	1.00
131.25	0.00
131.30	0.00
131.35	0.00
131.40	0.00
131.45	0.00
131.50	0.00
131.55	0.00
131.60	0.00
131.65	0.00
131.70	0.00
131.75	0.00
131.80	0.00
131.85	0.00
131.90	0.00
131.95	0.00
132.00	0.00
132.05	0.00
132.10	0.00
132.15	0.00
132.20	0.00
132.25	0.00
132.30	0.00
132.35	0.00
132.40	0.00
132.45	0.00
132.50	0.00
132.55	0.00
132.60	0.00
132.65	0.00
132.70	0.00
132.75	0.00
132.80	0.00
132.85	0.00
132.90	0.00
132.95	0.00
133.00	0.00
133.05	0.00
133.10	0.00
133.15	0.00
133.20	0.00
133.25	0.00
133.30	0.00
133.35	0.00
133.40	0.00
133.45	0.00
133.50	0.00
133.55	0.00
133.60	0.00
133.65	0.00
133.70	0.00
133.75	0.00
133.80	0.00
133.85	0.00
133.90	0.00
133.95	0.00
134.00	0.00
134.05	0.00
134.10	0.00
134.15	0.00
134.20	0.00
134.25	0.00
134.30	0.00
134.35	0.00
134.40	0.00
134.45	0.00
134.50	0.00
134.55	0.00
134.60	0.00
134.65	0.00
134.70	0.00
134.75	1.00
134.80	1.00
134.85	1.00
134.90	1.00
134.95	1.00
135.00	1.00
135.05	1.00
135.10	0.00
135.15	0.00
135.20	0.00
135.25	0.00
135.30	0.00
135.35	0.00
135.40	0.00
135.45	0.00
135.50	0.00
135.55	0.00
135.60	0.00
135.65	0.00
135.70	0.00
135.75	0.00
135.80	1.00
135.85	1.00
135.90	1.00
135.95	1.00
136.00	1.00
136.05	1.00
136.10	1.00
136.15	1.00
136.20	1.00
136.25	1.00
136.30	1.00
136.35	1.00
136.40	1.00
136.45	1.00
136.50	1.00
136.55	0.00
136.60	1.00
136.65	1.00
136.70	0.00
136.75	0.00
136.80	1.00
136.85	1.00
136.90	1.00
136.95	1.00
137.00	1.00
137.05	1.00
137.10	1.00
137.15	0.00
137.20	0.00
137.25	1.00
137.30	1.00
137.35	1.00
137.40	1.00
137.45	1.00
137.50	1.00
137.55	1.00
137.60	1.00
137.65	0.00
137.70	0.00
137.75	0.00
137.80	0.00
137.85	0.00
137.90	0.00
137.95	0.00
138.00	0.00
138.05	0.00
138.10	0.00
138.15	0.00
138.20	0.00
138.25	0.00
138.30	0.00
138.35	0.00
138.40	1.00
138.45	1.00
138.50	0.00
138.55	1.00
138.60	1.00
138.65	1.00
138.70	1.00
138.75	1.00
138.80	1.00
138.85	1.00
138.90	1.00
138.95	1.00
139.00	1.00
139.05	1.00
139.10	1.00
139.15	1.00
139.20	1.00
139.25	0.00
139.30	0.00
139.35	0.00
139.40	0.00
139.45	0.00
139.50	0.00
139.55	0.00
139.60	0.00
139.65	0.00
139.70	0.00
139.75	0.00
139.80	0.00
139.85	0.00
139.90	0.00
139.95	0.00
140.00	0.00
140.05	0.00
140.10	0.00
140.15	0.00
140.20	0.00
140.25	0.00
140.30	0.00
140.35	0.00
140.40	0.00
140.45	0.00
140.50	0.00
140.55	0.00
140.60	0.00
140.65	0.00
140.70	0.00
140.75	0.00
140.80	0.00
140.85	0.00
140.90	0.00
140.95	0.00
141.00	0.00
141.05	0.00
141.10	0.00
141.15	0.00
141.20	0.00
141.25	0.00
141.30	0.00
141.35	0.00
141.40	0.00
141.45	0.00
141.50	0.00
141.55	0.00
141.60	0.00
141.65	0.00
141.70	0.00
141.75	0.00
141.80	0.00
141.85	0.00
141.90	0.00
141.95	0.00
142.00	0.00
142.05	0.00
142.10	0.00
142.15	0.00
142.20	0.00
142.25	0.00
142.30	0.00
142.35	0.00
142.40	0.00
142.45	0.00
142.50	0.00
142.55	0.00
142.60	0.00
142.65	0.00
142.70	0.00
142.75	0.00
142.80	0.00
142.85	0.00
142.90	0.00
142.95	0.00
143.00	0.00
143.05	0.00
143.10	0.00
143.15	0.00
143.20	0.00
143.25	0.00
143.30	0.00
143.35	0.00
143.40	0.00
143.45	0.00
143.50	0.00
143.55	0.00
143.60	0.00
143.65	0.00
143.70	0.00
143.75	0.00
143.80	0.00
143.85	0.00
143.90	0.00
143.95	0.00
144.00	0.00
144.05	0.00
144.10	0.00
144.15	0.00
144.20	0.00
144.25	0.00
144.30	0.00
144.35	0.00
144.40	0.00
144.45	0.00
144.50	0.00
144.55	0.00
144.60	0.00
144.65	0.00
144.70	0.00
144.75	0.00
144.80	0.00
144.85	0.00
144.90	0.00
144.95	0.00
145.00	0.00
145.05	0.00
145.10	0.00
145.15	0.00
145.20	0.00
145.25	0.00
145.30	0.00
145.35	0.00
145.40	0.00
145.45	0.00
145.50	0.00
145.55	0.00
145.60	0.00
145.65	0.00
145.70	0.00
145.75	0.00
145.80	0.00
145.85	0.00
145.90	0.00
145.95	0.00
146.00	0.00
146.05	0.00
146.10	0.00
146.15	0.00
146.20	0.00
146.25	0.00
146.30	0.00
146.35	0.00
146.40	0.00
146.45	0.00
146.50	0.00
146.55	0.00
146.60	0.00
146.65	0.00
146.70	0.00
146.75	0.00
146.80	0.00
146.85	0.00
146.90	0.00
146.95	0.00
147.00	0.00
147.05	0.00
147.10	0.00
147.15	0.00
147.20	0.00
147.25	0.00
